Total_pixels: 131072000
Pixel_count: {0: 8435026, 1: 18247497, 2: 7109477, 3: 97280000}
Class weights: {0: 15.539015528819947, 1: 7.183012552351701, 2: 18.43623658955504, 3: 1.3473684210526315} 


Total_FOV_pixels: 33792000
FOV_Pixel_count: {0: 8435026, 1: 18247497, 2: 7109477}
Class weights (FOV): {0: 4.006152441023892, 1: 1.851870423653173, 2: 4.753092245744659} 
